{"L_BackAnkleBot_slider": {"Hbfr_L_BackAnkleBot_SldGuideRoot.guideType": ["slider", "string"], "Hbfr_L_BackAnkleBot_SldGuideRoot.guideName": ["L_BackAnkleBot", "string"], "Hbfr_L_BackAnkleBot_SldGuideRoot.globalScale": [0.03999999910593033, "float"], "Hbfr_L_BackAnkleBot_SldGuideRoot.guideParent": ["legBack_L0_6_jnt", "string"], "Hbfr_L_BackAnkleBot_SldGuideRoot.guideTracker": ["legBack_L0_6_jnt", "string"], "Hbfr_L_BackAnkleBot_SldGuideRoot.trackerMinRot": [0.0, "float"], "Hbfr_L_BackAnkleBot_SldGuideRoot.trackerMaxRot": [55.0, "float"], "Hbfr_L_BackAnkleBot_SldGuideRoot.XYZ": [2, "long"], "Hbfr_L_BackAnkleBot_SldGuideRoot.trackerRev": [false, "bool"], "Hbfr_L_BackAnkleBot_SldGuideRoot.sliderJoint": [true, "bool"], "Ctl_L_BackAnkleBot_SldGuideStart": [0.07175447526679825, -0.5158343508700337, -0.8536780527468641, 0.0, -0.9745669334473923, -0.21843113393095162, 0.05007126881339933, 0.0, -0.21229834551906313, 0.8283735643972043, -0.518388512891382, 0.0, 0.35210858111789317, 0.5115975773232259, -1.158108956423713, 1.0], "Ctl_L_BackAnkleBot_SldGuideEnd": [0.07175447526679826, -0.5158343508700338, -0.8536780527468644, 0.0, -0.9745669334473925, -0.21843113393095168, 0.05007126881339934, 0.0, -0.21229834551906313, 0.8283735643972043, -0.518388512891382, 0.0, 0.14112850056009832, 1.3348273623748321, -1.6732785397883587, 1.0]}, "L_BackAnkleTop_slider": {"Hbfr_L_BackAnkleTop_SldGuideRoot.guideType": ["slider", "string"], "Hbfr_L_BackAnkleTop_SldGuideRoot.guideName": ["L_BackAnkleTop", "string"], "Hbfr_L_BackAnkleTop_SldGuideRoot.globalScale": [0.03999999910593033, "float"], "Hbfr_L_BackAnkleTop_SldGuideRoot.guideParent": ["legBack_L0_5_jnt", "string"], "Hbfr_L_BackAnkleTop_SldGuideRoot.guideTracker": ["legBack_L0_6_jnt", "string"], "Hbfr_L_BackAnkleTop_SldGuideRoot.trackerMinRot": [0.0, "float"], "Hbfr_L_BackAnkleTop_SldGuideRoot.trackerMaxRot": [55.0, "float"], "Hbfr_L_BackAnkleTop_SldGuideRoot.XYZ": [2, "long"], "Hbfr_L_BackAnkleTop_SldGuideRoot.trackerRev": [false, "bool"], "Hbfr_L_BackAnkleTop_SldGuideRoot.sliderJoint": [true, "bool"], "Ctl_L_BackAnkleTop_SldGuideStart": [0.9599307952345614, 0.07748051940624923, -0.2693132701388471, 0.0, 0.23064919703623446, -0.764269380033103, 0.6022402034490515, 0.0, -0.15916600223314684, -0.6402258069278006, -0.7515165333356049, 0.0, 0.32894905927975926, 1.0750735174218762, -1.0687586371743938, 1.0], "Ctl_L_BackAnkleTop_SldGuideEnd": [0.9599307952345618, 0.07748051940624925, -0.2693132701388472, 0.0, 0.23064919703623457, -0.7642693800331033, 0.6022402034490517, 0.0, -0.15916600223314695, -0.6402258069278011, -0.7515165333356054, 0.0, 0.17077139712649364, 0.4388231877711525, -1.8156086343140274, 1.0]}, "L_BackKneeBot_slider": {"Hbfr_L_BackKneeBot_SldGuideRoot.guideType": ["slider", "string"], "Hbfr_L_BackKneeBot_SldGuideRoot.guideName": ["L_BackKneeBot", "string"], "Hbfr_L_BackKneeBot_SldGuideRoot.globalScale": [0.03999999910593033, "float"], "Hbfr_L_BackKneeBot_SldGuideRoot.guideParent": ["legBack_L0_3_jnt", "string"], "Hbfr_L_BackKneeBot_SldGuideRoot.guideTracker": ["legBack_L0_3_jnt", "string"], "Hbfr_L_BackKneeBot_SldGuideRoot.trackerMinRot": [0.0, "float"], "Hbfr_L_BackKneeBot_SldGuideRoot.trackerMaxRot": [-50.0, "float"], "Hbfr_L_BackKneeBot_SldGuideRoot.XYZ": [2, "long"], "Hbfr_L_BackKneeBot_SldGuideRoot.trackerRev": [false, "bool"], "Hbfr_L_BackKneeBot_SldGuideRoot.sliderJoint": [true, "bool"], "Ctl_L_BackKneeBot_SldGuideStart": [-0.959930795234562, -0.07748051940625099, 0.26931327013884765, 0.0, 0.19458331366326742, -0.8758667958768571, 0.4415820307986165, 0.0, 0.20166854589688696, 0.47629205850291634, 0.8558479260960381, 0.0, 0.4763876731195047, 0.9695349130833467, -0.40147429649553457, 1.0], "Ctl_L_BackKneeBot_SldGuideEnd": [-0.9599307952345618, -0.07748051940625098, 0.2693132701388476, 0.0, 0.19458331366326734, -0.8758667958768567, 0.4415820307986163, 0.0, 0.201668545896887, 0.47629205850291645, 0.8558479260960383, 0.0, 0.676803959715003, 1.4428694396727701, 0.44905924841497247, 1.0]}, "L_BackKneeTop_slider": {"Hbfr_L_BackKneeTop_SldGuideRoot.guideType": ["slider", "string"], "Hbfr_L_BackKneeTop_SldGuideRoot.guideName": ["L_BackKneeTop", "string"], "Hbfr_L_BackKneeTop_SldGuideRoot.globalScale": [0.03999999910593033, "float"], "Hbfr_L_BackKneeTop_SldGuideRoot.guideParent": ["legBack_L0_2_jnt", "string"], "Hbfr_L_BackKneeTop_SldGuideRoot.guideTracker": ["legBack_L0_3_jnt", "string"], "Hbfr_L_BackKneeTop_SldGuideRoot.trackerMinRot": [0.0, "float"], "Hbfr_L_BackKneeTop_SldGuideRoot.trackerMaxRot": [-50.0, "float"], "Hbfr_L_BackKneeTop_SldGuideRoot.XYZ": [2, "long"], "Hbfr_L_BackKneeTop_SldGuideRoot.trackerRev": [false, "bool"], "Hbfr_L_BackKneeTop_SldGuideRoot.sliderJoint": [true, "bool"], "Ctl_L_BackKneeTop_SldGuideStart": [0.9843246288991041, 0.14520621954905172, -0.10010084288812195, 0.0, 0.04233290097551359, 0.35645837197338687, 0.933351677849823, 0.0, 0.17121025213940103, -0.9229586030014323, 0.34472375419748447, 0.0, 0.4933182866683988, 1.4977361844521322, -0.2865851795064235, 1.0], "Ctl_L_BackKneeTop_SldGuideEnd": [0.9843246288991045, 0.14520621954905177, -0.10010084288812199, 0.0, 0.04233290097551359, 0.35645837197338687, 0.933351677849823, 0.0, 0.17121025213940094, -0.9229586030014317, 0.3447237541974843, 0.0, 0.663465410049761, 0.5805086858738812, 0.055998015162137205, 1.0]}, "L_BackMetaBot_slider": {"Hbfr_L_BackMetaBot_SldGuideRoot.guideType": ["slider", "string"], "Hbfr_L_BackMetaBot_SldGuideRoot.guideName": ["L_BackMetaBot", "string"], "Hbfr_L_BackMetaBot_SldGuideRoot.globalScale": [0.03999999910593033, "float"], "Hbfr_L_BackMetaBot_SldGuideRoot.guideParent": ["footBack_L0_0_jnt", "string"], "Hbfr_L_BackMetaBot_SldGuideRoot.guideTracker": ["legBack_L0_end_jnt", "string"], "Hbfr_L_BackMetaBot_SldGuideRoot.trackerMinRot": [0.0, "float"], "Hbfr_L_BackMetaBot_SldGuideRoot.trackerMaxRot": [-45.0, "float"], "Hbfr_L_BackMetaBot_SldGuideRoot.XYZ": [2, "long"], "Hbfr_L_BackMetaBot_SldGuideRoot.trackerRev": [false, "bool"], "Hbfr_L_BackMetaBot_SldGuideRoot.sliderJoint": [true, "bool"], "Ctl_L_BackMetaBot_SldGuideStart": [0.22105275070777952, -0.8000348754546937, 0.5577453535985003, 0.0, -0.9599307952345613, -0.07748051940625221, 0.269313270138848, 0.0, -0.1722456088405942, -0.5949293799844904, -0.7851053961516278, 0.0, 0.43135095058497547, 0.10517277410342538, -0.8106756860289391, 1.0], "Ctl_L_BackMetaBot_SldGuideEnd": [0.22105275070777952, -0.8000348754546937, 0.5577453535985003, 0.0, -0.9599307952345613, -0.07748051940625221, 0.269313270138848, 0.0, -0.17224560884059417, -0.5949293799844902, -0.7851053961516276, 0.0, 0.33923193962273446, -0.21300257123887392, -1.2305594385461855, 1.0]}, "L_BackMetaTop_slider": {"Hbfr_L_BackMetaTop_SldGuideRoot.guideType": ["slider", "string"], "Hbfr_L_BackMetaTop_SldGuideRoot.guideName": ["L_BackMetaTop", "string"], "Hbfr_L_BackMetaTop_SldGuideRoot.globalScale": [0.03999999910593033, "float"], "Hbfr_L_BackMetaTop_SldGuideRoot.guideParent": ["footBack_L0_0_jnt", "string"], "Hbfr_L_BackMetaTop_SldGuideRoot.guideTracker": ["legBack_L0_end_jnt", "string"], "Hbfr_L_BackMetaTop_SldGuideRoot.trackerMinRot": [0.0, "float"], "Hbfr_L_BackMetaTop_SldGuideRoot.trackerMaxRot": [45.0, "float"], "Hbfr_L_BackMetaTop_SldGuideRoot.XYZ": [2, "long"], "Hbfr_L_BackMetaTop_SldGuideRoot.trackerRev": [false, "bool"], "Hbfr_L_BackMetaTop_SldGuideRoot.sliderJoint": [true, "bool"], "Ctl_L_BackMetaTop_SldGuideStart": [0.22105275070777794, -0.8000348754546933, 0.5577453535985004, 0.0, 0.9599307952345609, 0.07748051940624985, -0.2693132701388483, 0.0, 0.1722456088405956, 0.5949293799844902, 0.7851053961516267, 0.0, 0.47115680311865626, 0.24258371787226093, -0.6292604332722894, 1.0], "Ctl_L_BackMetaTop_SldGuideEnd": [0.22105275070777805, -0.8000348754546937, 0.5577453535985006, 0.0, 0.9599307952345612, 0.07748051940624986, -0.26931327013884837, 0.0, 0.17224560884059562, 0.5949293799844904, 0.7851053961516269, 0.0, 0.5703446327462411, 0.5851744775412447, -0.17715659853678495, 1.0]}, "L_FrontElbowBot_slider": {"Hbfr_L_FrontElbowBot_SldGuideRoot.guideType": ["slider", "string"], "Hbfr_L_FrontElbowBot_SldGuideRoot.guideName": ["L_FrontElbowBot", "string"], "Hbfr_L_FrontElbowBot_SldGuideRoot.globalScale": [0.03999999910593033, "float"], "Hbfr_L_FrontElbowBot_SldGuideRoot.guideParent": ["legFront_L0_3_jnt", "string"], "Hbfr_L_FrontElbowBot_SldGuideRoot.guideTracker": ["legFront_L0_3_jnt", "string"], "Hbfr_L_FrontElbowBot_SldGuideRoot.trackerMinRot": [0.0, "float"], "Hbfr_L_FrontElbowBot_SldGuideRoot.trackerMaxRot": [-80.0, "float"], "Hbfr_L_FrontElbowBot_SldGuideRoot.XYZ": [2, "long"], "Hbfr_L_FrontElbowBot_SldGuideRoot.trackerRev": [false, "bool"], "Hbfr_L_FrontElbowBot_SldGuideRoot.sliderJoint": [true, "bool"], "Ctl_L_FrontElbowBot_SldGuideStart": [0.9932188131317906, -0.040097015538560765, 0.10912661722044757, 0.0, 0.08891214595358957, -0.3427973949882936, -0.9351922670184823, 0.0, 0.074906738969236, 0.9385532352158509, -0.33690771009707454, 0.0, 0.31650148948787793, 0.9785559315524155, 1.1196541467733483, 1.0], "Ctl_L_FrontElbowBot_SldGuideEnd": [0.9932188131317911, -0.040097015538560786, 0.10912661722044761, 0.0, 0.08891214595358961, -0.34279739498829376, -0.9351922670184828, 0.0, 0.07490673896923601, 0.9385532352158511, -0.3369077100970746, 0.0, 0.3909430956313987, 1.911281227595004, 0.7848384625388213, 1.0]}, "L_FrontElbowTop_slider": {"Hbfr_L_FrontElbowTop_SldGuideRoot.guideType": ["slider", "string"], "Hbfr_L_FrontElbowTop_SldGuideRoot.guideName": ["L_FrontElbowTop", "string"], "Hbfr_L_FrontElbowTop_SldGuideRoot.globalScale": [0.03999999910593033, "float"], "Hbfr_L_FrontElbowTop_SldGuideRoot.guideParent": ["legFront_L0_2_jnt", "string"], "Hbfr_L_FrontElbowTop_SldGuideRoot.guideTracker": ["legFront_L0_3_jnt", "string"], "Hbfr_L_FrontElbowTop_SldGuideRoot.trackerMinRot": [0.0, "float"], "Hbfr_L_FrontElbowTop_SldGuideRoot.trackerMaxRot": [-80.0, "float"], "Hbfr_L_FrontElbowTop_SldGuideRoot.XYZ": [2, "long"], "Hbfr_L_FrontElbowTop_SldGuideRoot.trackerRev": [false, "bool"], "Hbfr_L_FrontElbowTop_SldGuideRoot.sliderJoint": [true, "bool"], "Ctl_L_FrontElbowTop_SldGuideStart": [-0.9932188131317914, 0.04009701553853604, -0.10912661722044918, 0.0, 0.10375223612108037, 0.7292280478477359, -0.6763593185075918, 0.0, 0.05245819994006272, -0.6830949301356886, -0.7284431712096462, 0.0, 0.3451782290154111, 1.3972494577406824, 1.1397559007309785, 1.0], "Ctl_L_FrontElbowTop_SldGuideEnd": [-0.9932188131317914, 0.04009701553853604, -0.10912661722044918, 0.0, 0.10375223612108041, 0.7292280478477362, -0.6763593185075921, 0.0, 0.05245819994006274, -0.6830949301356889, -0.7284431712096465, 0.0, 0.3973106901620648, 0.7183962003764683, 0.4158359918507323, 1.0]}, "L_FrontMetaBot_slider": {"Hbfr_L_FrontMetaBot_SldGuideRoot.guideType": ["slider", "string"], "Hbfr_L_FrontMetaBot_SldGuideRoot.guideName": ["L_FrontMetaBot", "string"], "Hbfr_L_FrontMetaBot_SldGuideRoot.globalScale": [0.03999999910593033, "float"], "Hbfr_L_FrontMetaBot_SldGuideRoot.guideParent": ["footFront_L0_0_jnt", "string"], "Hbfr_L_FrontMetaBot_SldGuideRoot.guideTracker": ["legFront_L0_9_jnt", "string"], "Hbfr_L_FrontMetaBot_SldGuideRoot.trackerMinRot": [0.0, "float"], "Hbfr_L_FrontMetaBot_SldGuideRoot.trackerMaxRot": [8.0, "float"], "Hbfr_L_FrontMetaBot_SldGuideRoot.XYZ": [2, "long"], "Hbfr_L_FrontMetaBot_SldGuideRoot.trackerRev": [false, "bool"], "Hbfr_L_FrontMetaBot_SldGuideRoot.sliderJoint": [true, "bool"], "Ctl_L_FrontMetaBot_SldGuideStart": [0.03112307689026528, -0.4459050257073088, 0.894539022141487, 0.0, -0.9994553196991361, -0.02370958005238876, 0.022954732384344586, 0.0, 0.010973514021503422, -0.8947662062587651, -0.446400065106756, 0.0, 0.2208686290208914, 0.14169027607318999, 1.3371522194545924, 1.0], "Ctl_L_FrontMetaBot_SldGuideEnd": [0.03112307689026528, -0.4459050257073088, 0.894539022141487, 0.0, -0.9994553196991361, -0.02370958005238876, 0.022954732384344586, 0.0, 0.010973514021503422, -0.8947662062587651, -0.446400065106756, 0.0, 0.22646921196583467, -0.3149740471932204, 1.1093217736776726, 1.0]}, "L_FrontMetaTop_slider": {"Hbfr_L_FrontMetaTop_SldGuideRoot.guideType": ["slider", "string"], "Hbfr_L_FrontMetaTop_SldGuideRoot.guideName": ["L_FrontMetaTop", "string"], "Hbfr_L_FrontMetaTop_SldGuideRoot.globalScale": [0.03999999910593033, "float"], "Hbfr_L_FrontMetaTop_SldGuideRoot.guideParent": ["footFront_L0_0_jnt", "string"], "Hbfr_L_FrontMetaTop_SldGuideRoot.guideTracker": ["legFront_L0_9_jnt", "string"], "Hbfr_L_FrontMetaTop_SldGuideRoot.trackerMinRot": [0.0, "float"], "Hbfr_L_FrontMetaTop_SldGuideRoot.trackerMaxRot": [-10.0, "float"], "Hbfr_L_FrontMetaTop_SldGuideRoot.XYZ": [2, "long"], "Hbfr_L_FrontMetaTop_SldGuideRoot.trackerRev": [false, "bool"], "Hbfr_L_FrontMetaTop_SldGuideRoot.sliderJoint": [true, "bool"], "Ctl_L_FrontMetaTop_SldGuideStart": [0.12288119723942251, -0.7984431702354372, 0.5893969080928328, 0.0, 0.9798372274105716, 0.0033314369749106714, -0.1997696406064874, 0.0, 0.1575411665101193, 0.6020609648798596, 0.782753713132403, 0.0, 0.26552941214515524, 0.17687622314895865, 1.5567927891744957, 1.0], "Ctl_L_FrontMetaTop_SldGuideEnd": [0.12288119723942251, -0.7984431702354372, 0.5893969080928328, 0.0, 0.9798372274105716, 0.0033314369749106714, -0.1997696406064874, 0.0, 0.1575411665101193, 0.6020609648798596, 0.782753713132403, 0.0, 0.34988154933217663, 0.49923723030345524, 1.9759019658832622, 1.0]}, "L_FrontWristBot_slider": {"Hbfr_L_FrontWristBot_SldGuideRoot.guideType": ["slider", "string"], "Hbfr_L_FrontWristBot_SldGuideRoot.guideName": ["L_FrontWristBot", "string"], "Hbfr_L_FrontWristBot_SldGuideRoot.globalScale": [0.03999999910593033, "float"], "Hbfr_L_FrontWristBot_SldGuideRoot.guideParent": ["legFront_L0_6_jnt", "string"], "Hbfr_L_FrontWristBot_SldGuideRoot.guideTracker": ["legFront_L0_6_jnt", "string"], "Hbfr_L_FrontWristBot_SldGuideRoot.trackerMinRot": [0.0, "float"], "Hbfr_L_FrontWristBot_SldGuideRoot.trackerMaxRot": [73.0, "float"], "Hbfr_L_FrontWristBot_SldGuideRoot.XYZ": [2, "long"], "Hbfr_L_FrontWristBot_SldGuideRoot.trackerRev": [false, "bool"], "Hbfr_L_FrontWristBot_SldGuideRoot.sliderJoint": [true, "bool"], "Ctl_L_FrontWristBot_SldGuideStart": [0.9932188131317907, -0.040097015538559974, 0.1091266172204486, 0.0, 0.1053928991932732, -0.0857119991059298, -0.9907299278859506, 0.0, 0.04907877383059155, 0.9955127736770457, -0.08090482930653815, 0.0, 0.24226578610481211, 0.30371152784329747, 1.5473504490441, 1.0], "Ctl_L_FrontWristBot_SldGuideEnd": [0.993218813131791, -0.04009701553855998, 0.10912661722044863, 0.0, 0.10539289919327327, -0.08571199910592986, -0.9907299278859513, 0.0, 0.04907877383059161, 0.9955127736770468, -0.08090482930653824, 0.0, 0.2910398056627094, 1.2930426725263728, 1.4669479976595912, 1.0]}, "L_FrontWristTop_slider": {"Hbfr_L_FrontWristTop_SldGuideRoot.guideType": ["slider", "string"], "Hbfr_L_FrontWristTop_SldGuideRoot.guideName": ["L_FrontWristTop", "string"], "Hbfr_L_FrontWristTop_SldGuideRoot.globalScale": [0.03999999910593033, "float"], "Hbfr_L_FrontWristTop_SldGuideRoot.guideParent": ["legFront_L0_5_jnt", "string"], "Hbfr_L_FrontWristTop_SldGuideRoot.guideTracker": ["legFront_L0_6_jnt", "string"], "Hbfr_L_FrontWristTop_SldGuideRoot.trackerMinRot": [0.0, "float"], "Hbfr_L_FrontWristTop_SldGuideRoot.trackerMaxRot": [73.0, "float"], "Hbfr_L_FrontWristTop_SldGuideRoot.XYZ": [2, "long"], "Hbfr_L_FrontWristTop_SldGuideRoot.trackerRev": [false, "bool"], "Hbfr_L_FrontWristTop_SldGuideRoot.sliderJoint": [true, "bool"], "Ctl_L_FrontWristTop_SldGuideStart": [-0.993218813131791, 0.04009701553855415, -0.10912661722044817, 0.0, 0.1033108685469623, -0.12610625116618498, -0.9866225609912248, 0.0, -0.05332216875887119, -0.9912060546433887, 0.12110864361034859, 0.0, 0.25453387115139386, 0.5244596530348264, 1.541943999097244, 1.0], "Ctl_L_FrontWristTop_SldGuideEnd": [-0.993218813131791, 0.04009701553855415, -0.10912661722044817, 0.0, 0.10331086854696227, -0.12610625116618496, -0.9866225609912246, 0.0, -0.053322168758871184, -0.9912060546433886, 0.12110864361034858, 0.0, 0.20154280599373908, -0.4605915151536578, 1.6623006195065264, 1.0]}, "L_BackAnkleInner_stretch": {"Hbfr_L_BackAnkleInner_StrGuideRoot.guideType": ["stretch", "string"], "Hbfr_L_BackAnkleInner_StrGuideRoot.guideName": ["L_BackAnkleInner", "string"], "Hbfr_L_BackAnkleInner_StrGuideRoot.globalScale": [0.03999999910593033, "float"], "Hbfr_L_BackAnkleInner_StrGuideRoot.startParent": ["legBack_L0_4_jnt", "string"], "Hbfr_L_BackAnkleInner_StrGuideRoot.endParent": ["legBack_L0_8_jnt", "string"], "Hbfr_L_BackAnkleInner_StrGuideRoot.snsMultiplier": [1.0, "double"], "Hbfr_L_BackAnkleInner_StrGuideRoot.enableSns": [false, "bool"], "Hbfr_L_BackAnkleInner_StrGuideRoot.twist": [false, "bool"], "Hbfr_L_BackAnkleInner_StrGuideRoot.strDefPos": [0.5, "float"], "Ctl_L_BackAnkleInner_StrGuideStart": [-0.28022665669237995, 0.2737157492224069, -0.920082990553911, 0.0, 0.9599307952345583, 0.07748051940628506, -0.26931327013884876, 0.0, -0.00242677550658621, -0.9586847540981076, -0.2844602837313004, 0.0, 0.3819794219019588, 0.9968890756713911, -0.7301100629287772, 1.0], "Ctl_L_BackAnkleInner_StrGuideEnd": [-0.28022665669237995, 0.2737157492224069, -0.920082990553911, 0.0, 0.9599307952345583, 0.07748051940628506, -0.26931327013884876, 0.0, -0.00242677550658621, -0.9586847540981076, -0.2844602837313004, 0.0, 0.407443188896049, 0.3837727070855691, -0.8157394141387294, 1.0]}, "L_BackKneeInner_stretch": {"Hbfr_L_BackKneeInner_StrGuideRoot.guideType": ["stretch", "string"], "Hbfr_L_BackKneeInner_StrGuideRoot.guideName": ["L_BackKneeInner", "string"], "Hbfr_L_BackKneeInner_StrGuideRoot.globalScale": [0.03999999910593033, "float"], "Hbfr_L_BackKneeInner_StrGuideRoot.startParent": ["legBack_L0_0_jnt", "string"], "Hbfr_L_BackKneeInner_StrGuideRoot.endParent": ["legBack_L0_6_jnt", "string"], "Hbfr_L_BackKneeInner_StrGuideRoot.snsMultiplier": [1.0, "double"], "Hbfr_L_BackKneeInner_StrGuideRoot.enableSns": [false, "bool"], "Hbfr_L_BackKneeInner_StrGuideRoot.twist": [false, "bool"], "Hbfr_L_BackKneeInner_StrGuideRoot.strDefPos": [0.5, "float"], "Ctl_L_BackKneeInner_StrGuideStart": [-0.2270268100573305, -0.03810846479077845, 0.9731426269702108, 0.0, -0.9732406978387598, -0.0275623996855625, -0.22812903847142466, 0.0, 0.035515793465953564, -0.9988934172547456, -0.0308313051884026, 0.0, 0.3749519639581246, 1.6398856460731628, -1.0334921434443307, 1.0], "Ctl_L_BackKneeInner_StrGuideEnd": [-0.2270268100573305, -0.03810846479077845, 0.9731426269702108, 0.0, -0.9732406978387598, -0.0275623996855625, -0.22812903847142466, 0.0, 0.035515793465953564, -0.9988934172547456, -0.0308313051884026, 0.0, 0.3833133243831506, 0.7842198141855539, -1.0510204586190088, 1.0]}, "L_FrontElbowInner_stretch": {"Hbfr_L_FrontElbowInner_StrGuideRoot.guideType": ["stretch", "string"], "Hbfr_L_FrontElbowInner_StrGuideRoot.guideName": ["L_FrontElbowInner", "string"], "Hbfr_L_FrontElbowInner_StrGuideRoot.globalScale": [0.03999999910593033, "float"], "Hbfr_L_FrontElbowInner_StrGuideRoot.startParent": ["legFront_L0_0_jnt", "string"], "Hbfr_L_FrontElbowInner_StrGuideRoot.endParent": ["legFront_L0_6_jnt", "string"], "Hbfr_L_FrontElbowInner_StrGuideRoot.snsMultiplier": [1.0, "double"], "Hbfr_L_FrontElbowInner_StrGuideRoot.enableSns": [false, "bool"], "Hbfr_L_FrontElbowInner_StrGuideRoot.twist": [false, "bool"], "Hbfr_L_FrontElbowInner_StrGuideRoot.strDefPos": [0.5, "float"], "Ctl_L_FrontElbowInner_StrGuideStart": [-0.993218813131791, 0.04009701553855416, -0.10912661722044695, 0.0, 0.11502776471413811, 0.20262184402098388, -0.9724777641007558, 0.0, -0.01688201960506739, -0.9784358015068936, -0.20586009750220427, 0.0, 0.34946069448089045, 1.759993208510029, 1.497570107217763, 1.0], "Ctl_L_FrontElbowInner_StrGuideEnd": [-0.993218813131791, 0.04009701553855416, -0.10912661722044695, 0.0, 0.11502776471413811, 0.20262184402098388, -0.9724777641007558, 0.0, -0.01688201960506739, -0.9784358015068936, -0.20586009750220427, 0.0, 0.25308535919901415, 0.3145570595312297, 1.403459947555384, 1.0]}, "L_FrontWristInner_stretch": {"Hbfr_L_FrontWristInner_StrGuideRoot.guideType": ["stretch", "string"], "Hbfr_L_FrontWristInner_StrGuideRoot.guideName": ["L_FrontWristInner", "string"], "Hbfr_L_FrontWristInner_StrGuideRoot.globalScale": [0.03999999910593033, "float"], "Hbfr_L_FrontWristInner_StrGuideRoot.startParent": ["legFront_L0_4_jnt", "string"], "Hbfr_L_FrontWristInner_StrGuideRoot.endParent": ["legFront_L0_end_jnt", "string"], "Hbfr_L_FrontWristInner_StrGuideRoot.snsMultiplier": [1.0, "double"], "Hbfr_L_FrontWristInner_StrGuideRoot.enableSns": [false, "bool"], "Hbfr_L_FrontWristInner_StrGuideRoot.twist": [false, "bool"], "Hbfr_L_FrontWristInner_StrGuideRoot.strDefPos": [0.5, "float"], "Ctl_L_FrontWristInner_StrGuideStart": [-0.9932188131317918, 0.040097015538530775, -0.10912661722044839, 0.0, 0.08722980586659232, -0.36351849778980694, -0.927494076926165, 0.0, -0.07685928837526433, -0.9307236599063895, 0.35755575604498807, 0.0, 0.28854534746835525, 0.7719965824585258, 1.2982004378836445, 1.0], "Ctl_L_FrontWristInner_StrGuideEnd": [-0.9932188131317918, 0.040097015538530775, -0.10912661722044839, 0.0, 0.08722980586659232, -0.36351849778980694, -0.927494076926165, 0.0, -0.07685928837526433, -0.9307236599063895, 0.35755575604498807, 0.0, 0.24570919077349845, 0.13796564241126696, 1.4551092534663583, 1.0]}}